{
    "w": 720,
    "h": 720,
    "fl_x": 584.1088067078963,
    "fl_y": 584.1088067078963,
    "cx": 360.0,
    "cy": 360.0,
    "k1": 0,
    "k2": 0,
    "p1": 0,
    "p2": 0,
    "camera_model": "OPENCV",
    "frames": [
        {
            "file_path": "gs_images/gs_img0.png",
            "depth_file_path": "gs_depths/gs_depth0.png",
            "seg_file_path": "gs_segs/gs_seg0.png",
            "transform_matrix": [
                [
                    0.03526493347184795,
                    0.9041321773801075,
                    -0.42579500970905293,
                    0.2704782485961914
                ],
                [
                    -0.9992937765285196,
                    0.03743259093888035,
                    -0.0032786166247345816,
                    0.001954717095941319
                ],
                [
                    0.012974307634539689,
                    0.425609923476308,
                    0.9048137158442593,
                    0.5348368287086487
                ],
                [
                    0.0,
                    0.0,
                    0.0,
                    1.0
                ]
            ]
        },
        {
            "file_path": "gs_images/gs_img1.png",
            "depth_file_path": "gs_depths/gs_depth1.png",
            "seg_file_path": "gs_segs/gs_seg1.png",
            "transform_matrix": [
                [
                    0.04328817568339488,
                    0.8995502399705144,
                    -0.43466711356507437,
                    0.2696152627468109
                ],
                [
                    -0.9989826046239012,
                    0.044479874478400794,
                    -0.007436156616958345,
                    -0.06019263714551924
                ],
                [
                    0.01264474218202008,
                    0.4345467829076352,
                    0.9005604943365964,
                    0.5447535514831543
                ],
                [
                    0.0,
                    0.0,
                    0.0,
                    1.0
                ]
            ]
        },
        {
            "file_path": "gs_images/gs_img2.png",
            "depth_file_path": "gs_depths/gs_depth2.png",
            "seg_file_path": "gs_segs/gs_seg2.png",
            "transform_matrix": [
                [
                    0.043290576652588786,
                    0.899551654228001,
                    -0.4346639476063705,
                    0.2696163058280945
                ],
                [
                    -0.9989825239294335,
                    0.0444812600770374,
                    -0.007438708593441784,
                    -0.060233950614929185
                ],
                [
                    0.0126428974790401,
                    0.4345437134255036,
                    0.9005620013445541,
                    0.5447450876235962
                ],
                [
                    0.0,
                    0.0,
                    0.0,
                    1.0
                ]
            ]
        },
        {
            "file_path": "gs_images/gs_img3.png",
            "depth_file_path": "gs_depths/gs_depth3.png",
            "seg_file_path": "gs_segs/gs_seg3.png",
            "transform_matrix": [
                [
                    0.054652076731632915,
                    0.8933141567000592,
                    -0.44609748704535634,
                    0.2694421112537384
                ],
                [
                    -0.9984245844719409,
                    0.05457669070627297,
                    -0.01302819840131525,
                    -0.13197092711925507
                ],
                [
                    0.01270825050712801,
                    0.4461067162359405,
                    0.8948895451943968,
                    0.5551007986068726
                ],
                [
                    0.0,
                    0.0,
                    0.0,
                    1.0
                ]
            ]
        },
        {
            "file_path": "gs_images/gs_img4.png",
            "depth_file_path": "gs_depths/gs_depth4.png",
            "seg_file_path": "gs_segs/gs_seg4.png",
            "transform_matrix": [
                [
                    0.058274335881298045,
                    0.8937857621791656,
                    -0.44469215543272367,
                    0.33239278197288513
                ],
                [
                    -0.998298986173858,
                    0.05297602536497514,
                    -0.02434491611767478,
                    -0.1348186582326889
                ],
                [
                    0.0017988834983856117,
                    0.44535441174679913,
                    0.8953525629358647,
                    0.5605727434158325
                ],
                [
                    0.0,
                    0.0,
                    0.0,
                    1.0
                ]
            ]
        },
        {
            "file_path": "gs_images/gs_img5.png",
            "depth_file_path": "gs_depths/gs_depth5.png",
            "seg_file_path": "gs_segs/gs_seg5.png",
            "transform_matrix": [
                [
                    0.054004029395134046,
                    0.8946029124345394,
                    -0.4435867377105962,
                    0.33360937237739563
                ],
                [
                    -0.9985349199452578,
                    0.04989629868721257,
                    -0.02093735960511703,
                    -0.1374652236700058
                ],
                [
                    0.003402713477067193,
                    0.4440675494121995,
                    0.8959868487316299,
                    0.5824671387672424
                ],
                [
                    0.0,
                    0.0,
                    0.0,
                    1.0
                ]
            ]
        },
        {
            "file_path": "gs_images/gs_img6.png",
            "depth_file_path": "gs_depths/gs_depth6.png",
            "seg_file_path": "gs_segs/gs_seg6.png",
            "transform_matrix": [
                [
                    0.04832552359599934,
                    0.8956459219482161,
                    -0.4421346245960642,
                    0.33505919575691223
                ],
                [
                    -0.9988178736393251,
                    0.04565655122654527,
                    -0.01668336383093047,
                    -0.14101241528987885
                ],
                [
                    0.00524395535734834,
                    0.4424181978938343,
                    0.8967935320376605,
                    0.6153515577316284
                ],
                [
                    0.0,
                    0.0,
                    0.0,
                    1.0
                ]
            ]
        },
        {
            "file_path": "gs_images/gs_img7.png",
            "depth_file_path": "gs_depths/gs_depth7.png",
            "seg_file_path": "gs_segs/gs_seg7.png",
            "transform_matrix": [
                [
                    0.03782998088836931,
                    0.897280712320205,
                    -0.4398365785654159,
                    0.3372946083545685
                ],
                [
                    -0.999254324275528,
                    0.03737037069826732,
                    -0.009708285663915406,
                    -0.1473654955625534
                ],
                [
                    0.007725798511721088,
                    0.4398758673671696,
                    0.8980253522842976,
                    0.692557692527771
                ],
                [
                    0.0,
                    0.0,
                    0.0,
                    1.0
                ]
            ]
        },
        {
            "file_path": "gs_images/gs_img8.png",
            "depth_file_path": "gs_depths/gs_depth8.png",
            "seg_file_path": "gs_segs/gs_seg8.png",
            "transform_matrix": [
                [
                    0.03739310657396816,
                    0.8712325051184555,
                    -0.48944425382853207,
                    0.3366677165031433
                ],
                [
                    -0.9992463932694233,
                    0.037702146504038525,
                    -0.009230042634646884,
                    -0.14760643243789673
                ],
                [
                    0.010411585796469586,
                    0.48942054531252427,
                    0.8719857388209937,
                    0.6949170827865601
                ],
                [
                    0.0,
                    0.0,
                    0.0,
                    1.0
                ]
            ]
        },
        {
            "file_path": "gs_images/gs_img9.png",
            "depth_file_path": "gs_depths/gs_depth9.png",
            "seg_file_path": "gs_segs/gs_seg9.png",
            "transform_matrix": [
                [
                    0.035204241056592145,
                    0.7795178892418471,
                    -0.6253898957958666,
                    0.33375391364097595
                ],
                [
                    -0.999224965339021,
                    0.038482194266676095,
                    -0.008281869816292031,
                    -0.14809846878051758
                ],
                [
                    0.017610509784261097,
                    0.6251967538914107,
                    0.7802684723021822,
                    0.7014568448066711
                ],
                [
                    0.0,
                    0.0,
                    0.0,
                    1.0
                ]
            ]
        },
        {
            "file_path": "gs_images/gs_img10.png",
            "depth_file_path": "gs_depths/gs_depth10.png",
            "seg_file_path": "gs_segs/gs_seg10.png",
            "transform_matrix": [
                [
                    0.03280661488322084,
                    0.6668703326523341,
                    -0.7444512646561019,
                    0.3300212323665619
                ],
                [
                    -0.9991705781773178,
                    0.03986033361802016,
                    -0.008325233249874664,
                    -0.14842648804187775
                ],
                [
                    0.02412222470479708,
                    0.7441069232523143,
                    0.6676248984596559,
                    0.7073802351951599
                ],
                [
                    0.0,
                    0.0,
                    0.0,
                    1.0
                ]
            ]
        },
        {
            "file_path": "gs_images/gs_img11.png",
            "depth_file_path": "gs_depths/gs_depth11.png",
            "seg_file_path": "gs_segs/gs_seg11.png",
            "transform_matrix": [
                [
                    0.030100554795703005,
                    0.5358276656306531,
                    -0.8437906549291689,
                    0.3255409896373749
                ],
                [
                    -0.9990909678708892,
                    0.0416224238618485,
                    -0.009209329545321943,
                    -0.14857323467731476
                ],
                [
                    0.030185998737835396,
                    0.8433008280422056,
                    0.5365934391171119,
                    0.7126026749610901
                ],
                [
                    0.0,
                    0.0,
                    0.0,
                    1.0
                ]
            ]
        },
        {
            "file_path": "gs_images/gs_img12.png",
            "depth_file_path": "gs_depths/gs_depth12.png",
            "seg_file_path": "gs_segs/gs_seg12.png",
            "transform_matrix": [
                [
                    0.0278534901693977,
                    0.4155303416337255,
                    -0.9091527474891901,
                    0.32139837741851807
                ],
                [
                    -0.9989947699198598,
                    0.04352837652299596,
                    -0.010711214218704634,
                    -0.14859111607074738
                ],
                [
                    0.03512310860601536,
                    0.9085371844999146,
                    0.4163250552426774,
                    0.7163176536560059
                ],
                [
                    0.0,
                    0.0,
                    0.0,
                    1.0
                ]
            ]
        },
        {
            "file_path": "gs_images/gs_img13.png",
            "depth_file_path": "gs_depths/gs_depth13.png",
            "seg_file_path": "gs_segs/gs_seg13.png",
            "transform_matrix": [
                [
                    0.02570123439081423,
                    0.2867050125731928,
                    -0.9576741002638602,
                    0.3167833089828491
                ],
                [
                    -0.9988751720197261,
                    0.04555156063014926,
                    -0.013169891674603418,
                    -0.14857666194438934
                ],
                [
                    0.03984767588393817,
                    0.9569353641127303,
                    0.2875532500895885,
                    0.7194347381591797
                ],
                [
                    0.0,
                    0.0,
                    0.0,
                    1.0
                ]
            ]
        },
        {
            "file_path": "gs_images/gs_img14.png",
            "depth_file_path": "gs_depths/gs_depth14.png",
            "seg_file_path": "gs_segs/gs_seg14.png",
            "transform_matrix": [
                [
                    0.021365753731930837,
                    0.3025856106039108,
                    -0.9528827067498522,
                    0.32086291909217834
                ],
                [
                    -0.9990762794399741,
                    0.042005397893956076,
                    -0.009062803547963127,
                    -0.19450649619102478
                ],
                [
                    0.03728394329795376,
                    0.952196143031061,
                    0.303203583041042,
                    0.7211786508560181
                ],
                [
                    0.0,
                    0.0,
                    0.0,
                    1.0
                ]
            ]
        },
        {
            "file_path": "gs_images/gs_img15.png",
            "depth_file_path": "gs_depths/gs_depth15.png",
            "seg_file_path": "gs_segs/gs_seg15.png",
            "transform_matrix": [
                [
                    0.018990774829274693,
                    0.3113095505163599,
                    -0.9501187895356485,
                    0.3231448829174042
                ],
                [
                    -0.9992324106862738,
                    0.03847508378705755,
                    -0.007365959657579857,
                    -0.2179136425256729
                ],
                [
                    0.03426280644491897,
                    0.949529373787289,
                    0.31180126428486,
                    0.7215436100959778
                ],
                [
                    0.0,
                    0.0,
                    0.0,
                    1.0
                ]
            ]
        },
        {
            "file_path": "gs_images/gs_img16.png",
            "depth_file_path": "gs_depths/gs_depth16.png",
            "seg_file_path": "gs_segs/gs_seg16.png",
            "transform_matrix": [
                [
                    0.016752423922870796,
                    0.32434473523560725,
                    -0.9457905946971837,
                    0.3268185257911682
                ],
                [
                    -0.9994961351025411,
                    0.03093785492299428,
                    -0.0070940149313926115,
                    -0.2639242708683014
                ],
                [
                    0.02695982581159395,
                    0.9454328859616148,
                    0.32469959336978066,
                    0.721523642539978
                ],
                [
                    0.0,
                    0.0,
                    0.0,
                    1.0
                ]
            ]
        },
        {
            "file_path": "gs_images/gs_img17.png",
            "depth_file_path": "gs_depths/gs_depth17.png",
            "seg_file_path": "gs_segs/gs_seg17.png",
            "transform_matrix": [
                [
                    0.016441742340350896,
                    0.3330019003975052,
                    -0.9427827975946864,
                    0.3301185369491577
                ],
                [
                    -0.9997261717655167,
                    0.021177486132861745,
                    -0.009954675693206683,
                    -0.31000569462776184
                ],
                [
                    0.016650843698683415,
                    0.9426883092585494,
                    0.33325890984545264,
                    0.7210626006126404
                ],
                [
                    0.0,
                    0.0,
                    0.0,
                    1.0
                ]
            ]
        },
        {
            "file_path": "gs_images/gs_img18.png",
            "depth_file_path": "gs_depths/gs_depth18.png",
            "seg_file_path": "gs_segs/gs_seg18.png",
            "transform_matrix": [
                [
                    0.01786478879685316,
                    0.34027731952402085,
                    -0.9401554100991982,
                    0.3344437777996063
                ],
                [
                    -0.9998332384509768,
                    0.0025180015239305575,
                    -0.018087425382241507,
                    -0.38037344813346863
                ],
                [
                    -0.0037874278707984987,
                    0.94032175636102,
                    0.3402655579165346,
                    0.7186495065689087
                ],
                [
                    0.0,
                    0.0,
                    0.0,
                    1.0
                ]
            ]
        },
        {
            "file_path": "gs_images/gs_img19.png",
            "depth_file_path": "gs_depths/gs_depth19.png",
            "seg_file_path": "gs_segs/gs_seg19.png",
            "transform_matrix": [
                [
                    0.02033463314446987,
                    0.34452048282536235,
                    -0.9385585435169503,
                    0.3389357626438141
                ],
                [
                    -0.9990791720687082,
                    -0.02847104720205834,
                    -0.03209684423308501,
                    -0.4556092619895935
                ],
                [
                    -0.037779764866719134,
                    0.9383469701475022,
                    0.3436242904417818,
                    0.7109751105308533
                ],
                [
                    0.0,
                    0.0,
                    0.0,
                    1.0
                ]
            ]
        },
        {
            "file_path": "gs_images/gs_img20.png",
            "depth_file_path": "gs_depths/gs_depth20.png",
            "seg_file_path": "gs_segs/gs_seg20.png",
            "transform_matrix": [
                [
                    0.027449898671964623,
                    0.3345919796722853,
                    -0.9419632212575395,
                    0.3403758704662323
                ],
                [
                    -0.998150831729135,
                    -0.04195132263431228,
                    -0.043988676357310186,
                    -0.3827674686908722
                ],
                [
                    -0.054234861310186955,
                    0.9414288574651901,
                    0.33282170324432253,
                    0.7132460474967957
                ],
                [
                    0.0,
                    0.0,
                    0.0,
                    1.0
                ]
            ]
        },
        {
            "file_path": "gs_images/gs_img21.png",
            "depth_file_path": "gs_depths/gs_depth21.png",
            "seg_file_path": "gs_segs/gs_seg21.png",
            "transform_matrix": [
                [
                    0.048545144312261534,
                    0.3306206225856704,
                    -0.9425143886884516,
                    0.3446163535118103
                ],
                [
                    -0.997687493173418,
                    -0.02889187504546953,
                    -0.06152174836347196,
                    -0.37992969155311584
                ],
                [
                    -0.047571366693033856,
                    0.9433213998831049,
                    0.328453499895398,
                    0.7726324796676636
                ],
                [
                    0.0,
                    0.0,
                    0.0,
                    1.0
                ]
            ]
        },
        {
            "file_path": "gs_images/gs_img22.png",
            "depth_file_path": "gs_depths/gs_depth22.png",
            "seg_file_path": "gs_segs/gs_seg22.png",
            "transform_matrix": [
                [
                    0.06599941167243789,
                    0.32670614333341863,
                    -0.942818738447161,
                    0.34952011704444885
                ],
                [
                    -0.9969111791186174,
                    -0.018721239985103277,
                    -0.07627329887810436,
                    -0.3807829022407532
                ],
                [
                    -0.042569691180704194,
                    0.9449405330927574,
                    0.32446141575101894,
                    0.8529720902442932
                ],
                [
                    0.0,
                    0.0,
                    0.0,
                    1.0
                ]
            ]
        },
        {
            "file_path": "gs_images/gs_img23.png",
            "depth_file_path": "gs_depths/gs_depth23.png",
            "seg_file_path": "gs_segs/gs_seg23.png",
            "transform_matrix": [
                [
                    0.07774755743886874,
                    0.3068405891888346,
                    -0.9485800810361447,
                    0.3581075966358185
                ],
                [
                    -0.994728598171537,
                    -0.039933621833066923,
                    -0.09444745537590044,
                    -0.4067038297653198
                ],
                [
                    -0.06686055108940486,
                    0.9509227932243198,
                    0.30211836758872945,
                    0.9400210976600647
                ],
                [
                    0.0,
                    0.0,
                    0.0,
                    1.0
                ]
            ]
        },
        {
            "file_path": "gs_images/gs_img24.png",
            "depth_file_path": "gs_depths/gs_depth24.png",
            "seg_file_path": "gs_segs/gs_seg24.png",
            "transform_matrix": [
                [
                    0.0839388390458296,
                    0.29300942131762386,
                    -0.952417844393284,
                    0.3525587022304535
                ],
                [
                    -0.993652399443039,
                    -0.04722480259596967,
                    -0.10210155288174211,
                    -0.3575460910797119
                ],
                [
                    -0.07489446161586183,
                    0.9549425621674232,
                    0.28718551944759907,
                    0.9462140202522278
                ],
                [
                    0.0,
                    0.0,
                    0.0,
                    1.0
                ]
            ]
        },
        {
            "file_path": "gs_images/gs_img25.png",
            "depth_file_path": "gs_depths/gs_depth25.png",
            "seg_file_path": "gs_segs/gs_seg25.png",
            "transform_matrix": [
                [
                    0.08879127775681744,
                    0.28858162460784537,
                    -0.9533293003642596,
                    0.3526283800601959
                ],
                [
                    -0.9919664407939455,
                    -0.06096149457504679,
                    -0.1108434775607865,
                    -0.26650869846343994
                ],
                [
                    -0.09010376980406393,
                    0.955512606990548,
                    0.28085043804349513,
                    0.949622392654419
                ],
                [
                    0.0,
                    0.0,
                    0.0,
                    1.0
                ]
            ]
        },
        {
            "file_path": "gs_images/gs_img26.png",
            "depth_file_path": "gs_depths/gs_depth26.png",
            "seg_file_path": "gs_segs/gs_seg26.png",
            "transform_matrix": [
                [
                    0.0906205597114044,
                    0.28802379786140525,
                    -0.9533258656005743,
                    0.3538828194141388
                ],
                [
                    -0.9910698559411557,
                    -0.06794304697117348,
                    -0.11473570940666167,
                    -0.171346977353096
                ],
                [
                    -0.09781847883896372,
                    0.9552099424910554,
                    0.2792946669091015,
                    0.9534106850624084
                ],
                [
                    0.0,
                    0.0,
                    0.0,
                    1.0
                ]
            ]
        },
        {
            "file_path": "gs_images/gs_img27.png",
            "depth_file_path": "gs_depths/gs_depth27.png",
            "seg_file_path": "gs_segs/gs_seg27.png",
            "transform_matrix": [
                [
                    0.09055911412344639,
                    0.28836885944611923,
                    -0.9532273851243054,
                    0.35483354330062866
                ],
                [
                    -0.99086687971843,
                    -0.06993390854237563,
                    -0.1152912620845522,
                    -0.11759084463119505
                ],
                [
                    -0.09990932652279705,
                    0.9549621193208299,
                    0.27940199916255115,
                    0.9558924436569214
                ],
                [
                    0.0,
                    0.0,
                    0.0,
                    1.0
                ]
            ]
        },
        {
            "file_path": "gs_images/gs_img28.png",
            "depth_file_path": "gs_depths/gs_depth28.png",
            "seg_file_path": "gs_segs/gs_seg28.png",
            "transform_matrix": [
                [
                    0.08924392856586069,
                    0.28948546479643755,
                    -0.9530129521080615,
                    0.3560097813606262
                ],
                [
                    -0.990933183217436,
                    -0.07067703470954229,
                    -0.11426365635330432,
                    -0.042303927242755876
                ],
                [
                    -0.10043379716356154,
                    0.9545694958651554,
                    0.28055325688904753,
                    0.9591481685638428
                ],
                [
                    0.0,
                    0.0,
                    0.0,
                    1.0
                ]
            ]
        },
        {
            "file_path": "gs_images/gs_img29.png",
            "depth_file_path": "gs_depths/gs_depth29.png",
            "seg_file_path": "gs_segs/gs_seg29.png",
            "transform_matrix": [
                [
                    0.08711068591607377,
                    0.28987385591270326,
                    -0.9530922704846225,
                    0.3570882976055145
                ],
                [
                    -0.9913447422970072,
                    -0.06910534296945287,
                    -0.11162460971109855,
                    0.02413103170692922
                ],
                [
                    -0.09822082426508111,
                    0.9545667075858951,
                    0.28134510916188404,
                    0.9619889855384827
                ],
                [
                    0.0,
                    0.0,
                    0.0,
                    1.0
                ]
            ]
        },
        {
            "file_path": "gs_images/gs_img30.png",
            "depth_file_path": "gs_depths/gs_depth30.png",
            "seg_file_path": "gs_segs/gs_seg30.png",
            "transform_matrix": [
                [
                    0.08398685643044704,
                    0.29226325732418007,
                    -0.9526428482727363,
                    0.3593835234642029
                ],
                [
                    -0.9921791810620406,
                    -0.06406466501630936,
                    -0.10712698709198487,
                    0.1127632185816765
                ],
                [
                    -0.09234002714960465,
                    0.9541896599285742,
                    0.28459692948344006,
                    0.9648350477218628
                ],
                [
                    0.0,
                    0.0,
                    0.0,
                    1.0
                ]
            ]
        },
        {
            "file_path": "gs_images/gs_img31.png",
            "depth_file_path": "gs_depths/gs_depth31.png",
            "seg_file_path": "gs_segs/gs_seg31.png",
            "transform_matrix": [
                [
                    0.08328412196775542,
                    0.2961094403845886,
                    -0.9515161345679779,
                    0.3620980381965637
                ],
                [
                    -0.9933526083556552,
                    -0.0514699457795868,
                    -0.10296329518067648,
                    0.20460346341133118
                ],
                [
                    -0.07946288757071912,
                    0.9537662417996207,
                    0.2898544557227835,
                    0.9667722582817078
                ],
                [
                    0.0,
                    0.0,
                    0.0,
                    1.0
                ]
            ]
        },
        {
            "file_path": "gs_images/gs_img32.png",
            "depth_file_path": "gs_depths/gs_depth32.png",
            "seg_file_path": "gs_segs/gs_seg32.png",
            "transform_matrix": [
                [
                    0.0863596796413103,
                    0.29902892889390714,
                    -0.9503282093134,
                    0.36405906081199646
                ],
                [
                    -0.9949561523673678,
                    -0.022974662909234222,
                    -0.09764435329567461,
                    0.29305899143218994
                ],
                [
                    -0.05103195664065546,
                    0.9539674336940283,
                    0.29553658801010846,
                    0.9658839106559753
                ],
                [
                    0.0,
                    0.0,
                    0.0,
                    1.0
                ]
            ]
        },
        {
            "file_path": "gs_images/gs_img33.png",
            "depth_file_path": "gs_depths/gs_depth33.png",
            "seg_file_path": "gs_segs/gs_seg33.png",
            "transform_matrix": [
                [
                    0.1536356122784855,
                    0.2562983053486388,
                    -0.9543098434550653,
                    0.34250086545944214
                ],
                [
                    -0.9865335890753761,
                    0.09461957479259758,
                    -0.13341144513168846,
                    0.42868396639823914
                ],
                [
                    0.05610326430674395,
                    0.9619554640114502,
                    0.2673838233563198,
                    0.9679417014122009
                ],
                [
                    0.0,
                    0.0,
                    0.0,
                    1.0
                ]
            ]
        },
        {
            "file_path": "gs_images/gs_img34.png",
            "depth_file_path": "gs_depths/gs_depth34.png",
            "seg_file_path": "gs_segs/gs_seg34.png",
            "transform_matrix": [
                [
                    0.16236515816912406,
                    0.2543974116398411,
                    -0.9533727038066826,
                    0.2750023901462555
                ],
                [
                    -0.9855919859448172,
                    0.08821793803846373,
                    -0.14431227477104314,
                    0.4235036373138428
                ],
                [
                    0.04739190494236967,
                    0.9630677818093548,
                    0.26505556962030125,
                    0.9774283170700073
                ],
                [
                    0.0,
                    0.0,
                    0.0,
                    1.0
                ]
            ]
        },
        {
            "file_path": "gs_images/gs_img35.png",
            "depth_file_path": "gs_depths/gs_depth35.png",
            "seg_file_path": "gs_segs/gs_seg35.png",
            "transform_matrix": [
                [
                    0.16503195984290267,
                    0.2538725255326248,
                    -0.9530546642297584,
                    0.1870817244052887
                ],
                [
                    -0.9852684267402769,
                    0.08636659321888468,
                    -0.14760399332166846,
                    0.42354077100753784
                ],
                [
                    0.044839485937619605,
                    0.9633740459216507,
                    0.2643858319679773,
                    0.982663094997406
                ],
                [
                    0.0,
                    0.0,
                    0.0,
                    1.0
                ]
            ]
        },
        {
            "file_path": "gs_images/gs_img36.png",
            "depth_file_path": "gs_depths/gs_depth36.png",
            "seg_file_path": "gs_segs/gs_seg36.png",
            "transform_matrix": [
                [
                    0.1652724164446881,
                    0.25412593724312427,
                    -0.952945452994471,
                    0.1324988603591919
                ],
                [
                    -0.9853633776260032,
                    0.08346167699086887,
                    -0.14863768871772315,
                    0.42366254329681396
                ],
                [
                    0.04176173363269864,
                    0.963563260245105,
                    0.2642003049010655,
                    0.9857156276702881
                ],
                [
                    0.0,
                    0.0,
                    0.0,
                    1.0
                ]
            ]
        },
        {
            "file_path": "gs_images/gs_img37.png",
            "depth_file_path": "gs_depths/gs_depth37.png",
            "seg_file_path": "gs_segs/gs_seg37.png",
            "transform_matrix": [
                [
                    0.1554110084658728,
                    0.23015454058669454,
                    -0.960664512665555,
                    0.12079137563705444
                ],
                [
                    -0.9848875808531239,
                    0.11135573767020218,
                    -0.1326512448837428,
                    0.3752547800540924
                ],
                [
                    0.07644521913698721,
                    0.9667620116322594,
                    0.243982256190579,
                    0.9836501479148865
                ],
                [
                    0.0,
                    0.0,
                    0.0,
                    1.0
                ]
            ]
        },
        {
            "file_path": "gs_images/gs_img38.png",
            "depth_file_path": "gs_depths/gs_depth38.png",
            "seg_file_path": "gs_segs/gs_seg38.png",
            "transform_matrix": [
                [
                    0.143968929415562,
                    0.21007464852376473,
                    -0.9670271916603759,
                    0.10939094424247742
                ],
                [
                    -0.9853347854543022,
                    0.12087384515664962,
                    -0.12043618281384616,
                    0.3052670955657959
                ],
                [
                    0.09158770625286339,
                    0.9701845987257595,
                    0.22439593681409703,
                    0.9871150851249695
                ],
                [
                    0.0,
                    0.0,
                    0.0,
                    1.0
                ]
            ]
        },
        {
            "file_path": "gs_images/gs_img39.png",
            "depth_file_path": "gs_depths/gs_depth39.png",
            "seg_file_path": "gs_segs/gs_seg39.png",
            "transform_matrix": [
                [
                    0.13425225466959637,
                    0.18936002118088524,
                    -0.9726865448306072,
                    0.09210917353630066
                ],
                [
                    -0.9858195244669408,
                    0.125247737949399,
                    -0.11168200087003166,
                    0.20837174355983734
                ],
                [
                    0.10067868342357739,
                    0.9738869475031142,
                    0.2034895972455636,
                    0.9932714104652405
                ],
                [
                    0.0,
                    0.0,
                    0.0,
                    1.0
                ]
            ]
        },
        {
            "file_path": "gs_images/gs_img40.png",
            "depth_file_path": "gs_depths/gs_depth40.png",
            "seg_file_path": "gs_segs/gs_seg40.png",
            "transform_matrix": [
                [
                    0.1339759307850213,
                    0.1626225548817864,
                    -0.9775501801002381,
                    0.06476842612028122
                ],
                [
                    -0.9820701927608437,
                    0.15380217104161054,
                    -0.109009305444842,
                    0.11207143962383272
                ],
                [
                    0.1326219682442048,
                    0.9746275169656395,
                    0.18031255284207362,
                    0.9971292614936829
                ],
                [
                    0.0,
                    0.0,
                    0.0,
                    1.0
                ]
            ]
        },
        {
            "file_path": "gs_images/gs_img41.png",
            "depth_file_path": "gs_depths/gs_depth41.png",
            "seg_file_path": "gs_segs/gs_seg41.png",
            "transform_matrix": [
                [
